4294967278,245
4294967278,243
4294967279,40
4294967279,39
4294967279,38
4294967279,37
4294967279,36
4294967279,35
4294967279,34
4294967278,240
4294967278,239
4294967278,237
4294967278,378
4294967278,235
4294967279,33
4294967279,31
4294967278,233
4294967278,230
4294967278,228
4294967279,29
4294967279,27
4294967279,24
4294967279,23
4294967279,22
4294967279,20
4294967279,18
4294967279,17
4294967279,15
4294967279,14
4294967279,13
4294967279,11
4294967279,10
4294967278,227
4294967294,1000
4294967294,1001
4294967294,186
4294967294,1176
4294967294,5
4294967294,107
4294967278,223
4294967294,22
4294967294,99
4294967294,76
4294967294,36
4294967294,41
4294967278,221
4294967278,218
4294967294,1422
4294967294,45
4294967294,427
4294967294,44
4294967294,2
4294967294,0
4294967294,120
4294967294,43
4294967294,53
4294967294,52
4294967294,1175
4294967294,419
4294967294,1174
4294967294,29
4294967294,1017
4294967294,28
4294967294,1016
4294967294,27
4294967294,91
4294967294,90
4294967294,87
4294967294,86
4294967294,85
4294967294,84
4294967294,82
4294967278,216
4294967278,217
4294967278,214
4294967278,212
4294967294,6
4294967294,94
4294967294,96
64,5
4294967278,211
64,4
64,3
64,2
64,1
4294967294,9
4294967278,210
4294967294,8
0,7
4294967278,209
4294967278,208
4294967278,207
4294967294,83
4294967294,1419
4294967294,471
4294967278,206
4294967294,88
4294967294,92
4294967278,383
4294967278,346
4294967278,0
4294967279,571
4294967279,538
4294967279,0
4294967278,357
4294967278,356
4294967278,335
4294967278,201
4294967278,200
4294967294,75
4294967294,18
4294967294,127
4294967294,14
4294967294,126
4294967294,20
4294967294,13
4294967294,475
4294967294,30
4294967294,1167
4294967294,1164
4294967294,1158
4294967294,992
4294967294,990
4294967294,988
4294967294,987
4294967294,50
4294967294,81
4294967278,132
4294967278,131
4294967278,130
4294967278,129
4294967278,128
4294967278,127
4294967278,126
4294967278,125
4294967278,124
4294967278,123
4294967278,122
4294967278,121
4294967278,120
4294967278,119
4294967278,118
4294967278,117
4294967278,116
4294967278,115
4294967278,114
4294967278,113
4294967278,112
4294967278,111
4294967278,110
4294967278,109
4294967278,108
4294967278,107
4294967278,106
4294967278,105
4294967278,104
4294967278,103
4294967278,102
4294967278,101
4294967278,100
4294967278,99
4294967278,98
4294967278,97
4294967278,96
4294967278,95
4294967278,94
4294967278,93
4294967278,92
4294967278,91
4294967278,90
4294967278,89
4294967278,87
4294967278,86
4294967278,85
4294967278,84
4294967278,83
4294967278,81
4294967278,80
4294967278,79
4294967278,78
4294967278,77
4294967278,76
4294967278,75
4294967278,74
4294967278,73
4294967278,72
4294967278,71
4294967278,70
4294967278,69
4294967278,68
4294967278,67
4294967278,66
4294967278,65
4294967278,64
4294967278,63
4294967278,62
4294967279,81
4294967279,78
4294967279,75
4294967279,72
4294967279,71
4294967279,70
4294967279,69
4294967279,65
4294967279,56
4294967279,54
4294967279,50
4294967279,47
4294967279,43
4294967279,41
4294967279,32
4294967279,30
4294967279,28
4294967279,26
4294967279,25
4294967279,21
4294967279,19
4294967279,16
4294967279,12
4294967279,9
4294967279,8
4294967279,7
4294967279,6
4294967279,5
4294967279,4
4294967278,199
4294967278,198
4294967294,17
4294967294,39
4294967294,42
4294967294,1166
4294967294,1163
4294967294,1019
4294967294,989
4294967294,60
4294967278,196
4294967294,424
4294967294,417
4294967294,51
4294967294,12
4294967294,25
4294967294,1018
4294967294,26
4294967294,93
4294967294,95
4294967294,67
4294967294,1098
4294967294,11
4294967294,68
0,5
4294967278,82
4294967278,328
4294967294,7
4294967279,82
4294967279,570
4294967278,382
63,5
63,4
63,3
63,2
63,1
4294967279,569
61,6
61,5
61,4
61,3
61,2
61,1
4294967294,476
60,5
60,4
60,3
60,2
60,1
4294967279,568
59,5
59,4
59,2
59,1
4294967278,381
58,5
58,4
58,3
58,2
58,1
4294967294,1425
4294967294,1424
4294967294,1423
4294967294,1101
56,4
56,3
56,2
56,1
4294967294,436
4294967279,556
4294967293,131
4294967293,130
4294967293,129
4294967293,128
4294967293,127
4294967293,126
4294967293,125
4294967293,124
4294967293,123
4294967293,122
4294967293,121
4294967293,120
4294967293,119
4294967293,118
4294967293,117
4294967293,116
4294967293,115
4294967293,114
4294967293,113
4294967293,112
